Iteration	objective_values	shape_gradient_norms_squared	meshquality	alphas	rel_changes	abs_changes
0	0.8423047678108363	18074.69456903368	25136255.12131203	0.1	0.1902189476235233	0.16022232651144364
1	0.6820824412993927	9806.553608931757	19095557.489219014	0.2	0.16391634382847167	0.13601339323950107
2	0.5702779813318342	1155.5237768359327	12050622.72140709	0.2	0.0620150834708354	0.10246420769764579
3	0.5349121447178989	353.5503466057654	11526451.219188847	0.2	0.015075186994277758	0.051744732396213765
4	0.5268482441107514	192.04731875156122	11505210.34047788	0.2	0.009040206338631328	0.01606418468566621
5	0.5220854272748355	154.01244365799187	11580802.448434182	0.2	0.007734745733046112	0.005621638491323577
6	0.5180472292439282	95.70838609659256	11683617.275691852	0.2	0.007873340693031264	0.004293259065916451
7	0.513968466913002	83.38173688516267	11819069.993970893	0.2	0.007722693662107882	0.004028727127931194
8	0.509999245891042	54.41564184568328	11965541.906280704	0.4	0.0032810744453946215	0.0032404429485843878
9	0.508325900398175	458.52081758276483	12227160.58746765	0.1	0.012423623860790694	0.003985938766694693
10	0.5020106506129179	3.1162477320879587	12256155.966281917	0.2	0.00869003494238348	0.004117028457802541
11	0.49764816051763433	1.7979274580130458	12457709.034284668	0.4	0.017006222087962864	0.006380285006662267
12	0.48918504537818824	11.825860241875862	12871691.384486355	0.8	0.01964266995711213	0.007478168543022671
13	0.47957614498384993	455.8673431250469	13621863.714299059	0.1	0.01208911586949478	0.007956555706250626
14	0.47377849339888245	1.051687195703042	13650662.725503221	0.2	0.008510867914133571	0.006479606052396465
15	0.46974622722099885	1.1986873547424746	13875778.988830818	0.4	0.016913792189271006	0.005925035943926016
16	0.4618010371520719	1.7247269744194504	14337240.81681081	0.8	0.03224398934082296	0.008955921322118402
17	0.44691072943252724	52.33482612619617	15300624.994147616	0.4	0.0015273880788914359	0.007839367969645683
