Iteration	objective_values	shape_gradient_norms_squared	meshquality	alphas	rel_changes	abs_changes
0	0.007000592731433395	0.0006220102062334274	6790685.19522418	2500.0	0.16729117257975498	0.0011711373669620936
1	0.005829455364471301	0.0032376793131586447	6905060.87836444	1250.0	0.08494443815486453	0.0008331585888654569
2	0.005334275553702481	0.0002542215746450728	6614919.930771686	1250.0	0.0988894219488706	0.0007312735346171444
3	0.0048067721275819614	0.0002480919394841226	6447159.25455993	1250.0	0.17882859184331265	0.0006274238426517781
4	0.003947183836515967	0.0002754185050682687	6379109.8031519735	625.0	0.14729671658151422	0.0006561663120654124
5	0.0033657766175062436	7.982176331592527e-05	6379290.121308034	1250.0	0.09876541505704904	0.0005911392782639327
6	0.0030333542927901635	0.00016431400110892603	6418580.749344911	2500.0	0.1380187581097749	0.00044416311208722494
7	0.002614694500254292	0.0003934111575409141	6467775.12498833	2500.0	0.05967756630073356	0.0003023735739022394
8	0.0024586558957995254	0.0014249403347379361	6447097.312632193	625.0	0.09453636227982862	0.00026904359385730497
9	0.0022262235112182486	0.0005012584004371128	6388899.118577097	1250.0	0.16328642878185884	0.00025066102533878934
10	0.0018627114242379238	0.0006998446323330502	6373569.262141731	625.0	0.0567321431592241	0.00023387336093417394
11	0.0017570358129970036	0.0004206856686277472	6352911.744619337	1250.0	0.15861990083099065	0.0002492961815979829
12	0.0014783349664243	0.00038354516065982507	6344706.0582304895	625.0	0.08467297002684591	0.00016985049006665995
13	0.001353159954037944	0.00028590542549920817	6333998.382689852	1250.0	0.16378217793467822	0.00020849978116305512
14	0.0011315364695078383	0.00013019652967195786	6320296.24847247	1250.0	0.1462520325280368	0.00017076266853594468
15	0.0009660469608164659	0.00016667679706719695	6292040.2743796315	625.0	0.18874961092374803	0.00018981799379946828
16	0.0007837059726395391	4.048604137474286e-05	6270703.187533121	1250.0	0.21110723156471922	0.000171092165108025
17	0.0006182599741837632	0.00021183959103224424	6235555.884768035	625.0	0.13255940298397742	0.00014324771994398368
18	0.0005363038009845148	0.0001046444479123558	6212708.994438637	625.0	0.3885969283644038	0.00015193606059211938
19	0.00032789779086318094	5.398431768278345e-05	6197413.9712005835	625.0	0.08332849762621687	0.00010589513789716503
20	0.0003005745604922681	2.622102895990542e-05	6192445.263664901	1250.0	0.13245354804724938	9.184713587154793e-05
21	0.00026076239336987107	0.00011450374492580634	6182641.785815388	625.0	0.011084157384927087	2.3341909637525316e-05
22	0.000257872061950605	6.458316334952554e-05	6177216.524894186	625.0	0.4412180041299312	5.216009849253234e-05
23	0.0001440942650146711	1.4446894914931438e-05	6173775.587839882	625.0	0.056542776665372364	4.160520608574276e-05
24	0.0001359467751126428	1.402005591799746e-05	6178231.460924108	625.0	0.20251611926672872	4.981890012103915e-05
25	0.00010841536158748756	6.644015317279204e-06	6180862.971307711	625.0	0.031176185349878375	1.3019626955328438e-05
26	0.00010503538414868578	1.0604475340579876e-05	6184825.159868357	1250.0	0.09141166995718895	1.3504283641664968e-05
27	9.543392418764788e-05	3.3502234754997565e-05	6188879.530842075	312.5	0.23839007489640351	1.1910645990993607e-05
28	7.268342361450674e-05	5.115468140980781e-06	6190487.194339628	625.0	0.07276460578051404	1.2546913757677111e-05
29	6.739464287565444e-05	6.8902857247451715e-06	6193227.553611918	1250.0	0.20876206771675165	1.4036242173503059e-05
30	5.332519766713871e-05	7.93877648177834e-06	6197724.7962254165	625.0	0.0285006366295019	6.959342685925382e-06
31	5.180539555673059e-05	1.1048611857980058e-05	6200001.939130887	1250.0	0.1942350678688291	8.550557345030675e-06
32	4.1742970840562416e-05	1.461662735245577e-05	6202732.752867118	312.5	0.0641100743310886	4.752790618025096e-06
33	3.906682581306342e-05	1.3402048025201252e-05	6203844.417296143	625.0	0.06745607600077595	5.124621527426108e-06
34	3.643153097445226e-05	1.5652717353185458e-05	6205325.470457665	1250.0	0.16994648212911725	3.83428352124759e-06
35	3.0240120276819647e-05	1.8632959620752467e-05	6207532.750044051	2500.0	0.10518097464206357	4.002463655144623e-06
36	2.7059434847629553e-05	2.8115866800554213e-05	6212166.977777959	625.0	0.1962649769057562	4.8943052261801715e-06
37	2.1748615295911748e-05	1.92781952688428e-05	6211018.668025729	1250.0	0.12618024320410626	3.7452502248262775e-06
38	1.9004369602340815e-05	2.1272149651499687e-05	6213448.476921554	625.0	0.14028878103127085	3.5737217437858835e-06
39	1.6338269616271903e-05	1.2039313499531427e-05	6212502.63705394	1250.0	0.27067639659999276	3.277576632242622e-06
40	1.1915885399183881e-05	1.1087791444270784e-05	6214884.807286233	625.0	0.028371264827676528	2.475517657281563e-06
41	1.1577816630496127e-05	5.2432680937836804e-06	6214685.933184092	1250.0	0.32259952102292355	2.831817135954862e-06
42	7.842818208407317e-06	4.470616015826714e-06	6217104.867320543	312.5	0.047003569468957625	1.4805692294238044e-06
43	7.474177710912468e-06	2.5046222119502447e-06	6217339.235139723	625.0	0.04608288727741774	1.4826902182033043e-06
44	7.1297459758862134e-06	1.3536716524326413e-06	6218216.957402686	1250.0	0.24225398412042534	8.134272810666975e-07
45	5.402536365207224e-06	1.052123455059545e-06	6220474.158480941	2500.0	0.12212388522476239	9.104733996054338e-07
46	4.742757512096167e-06	9.200575860995473e-07	6224845.526040831	625.0	0.2457137550468394	1.1841164890258523e-06
47	3.5773965088086567e-06	1.9825759435499518e-06	6226480.982288298	1250.0	0.022560233774161102	6.352822601667974e-07
48	3.496689584706832e-06	1.1563166270007563e-06	6229089.857754803	625.0	0.1374584996779403	5.755725896670386e-07
49	3.016039743095051e-06	1.6701141412163066e-06	6230602.686016045	1250.0	0.06483029517388507	2.522958591149739e-07
50	2.820508931463735e-06	1.0052868839722095e-06	6233097.253124345	1250.0	0.0022662171727210133	2.275241804285367e-07
51	2.814117043421222e-06	1.8936694198451033e-06	6235753.331654823	625.0	0.17480085269119033	2.312776444125076e-07
52	2.322206809857528e-06	7.312281963446475e-07	6236667.772022146	1250.0	0.0475855718278806	2.0293523604714923e-07
53	2.2117032233222874e-06	1.1447497356536273e-06	6239028.971583861	625.0	0.13066010652256213	2.97131776504875e-07
54	1.922721713906597e-06	4.978518537770206e-07	6239911.375209606	1250.0	0.07450868197345252	1.809148770548438e-07
55	1.7794621786929967e-06	7.247915273148791e-07	6242031.620442499	625.0	0.09439854885525797	2.0007326214642475e-07
56	1.6114834368830132e-06	3.472653226183734e-07	6242885.122738213	1250.0	0.08581481307300004	1.498425042482494e-07
57	1.4731942011618487e-06	5.030039690422568e-07	6244833.894877949	625.0	0.06804443885612169	1.3550357277324577e-07
58	1.3729514603732594e-06	2.6458733955869065e-07	6245661.719291808	1250.0	0.08807034534091276	1.198161246104942e-07
59	1.2520350630515306e-06	3.8562596864069056e-07	6247484.234706875	625.0	0.051054365967527965	9.502701515929795e-08
60	1.1881131556839548e-06	2.2256047857641255e-07	6248285.664021737	1250.0	0.08657114632523452	9.58982363707009e-08
61	1.0852567512611567e-06	3.1841615816866295e-07	6250004.225409818	1250.0	0.0033801524585002633	5.681554948213525e-08
62	1.0815884146051248e-06	1.6130182163061395e-07	6251545.121261581	625.0	0.1185833864650293	7.826109220914477e-08
63	9.533298790565205e-07	2.7393231094538e-07	6252391.401388448	1250.0	0.012797467962300834	4.8042364528944704e-08
64	9.411296576743226e-07	1.457853861019735e-07	6253864.818843134	625.0	0.10246555285758106	7.896407669354019e-08
65	8.446961845245043e-07	2.400359419162276e-07	6254654.04941425	1250.0	0.019414813650887718	4.1677777653663004e-08
66	8.282965460955315e-07	1.343950390446101e-07	6256053.141743472	1250.0	0.0190125765418532	4.286039402445386e-08
67	8.12548475600961e-07	4.090641422377509e-07	6257523.139374819	625.0	0.09440364992676724	3.628511505545155e-08
68	7.358408393581496e-07	1.237265024328667e-07	6258103.264030332	1250.0	0.030140511518860956	3.821145205753868e-08
69	7.136621899229155e-07	3.4089973582767034e-07	6259477.9830387775	625.0	0.07920607269969898	5.1804248060726364e-08
70	6.571357314187819e-07	1.1321083520329273e-07	6260031.4098159345	1250.0	0.03732654561176348	3.441125070594533e-08
71	6.326070872403136e-07	2.888036098188604e-07	6261317.936438094	625.0	0.06831666754255009	4.142425968777563e-08
72	5.893894108595886e-07	1.0294091270060629e-07	6261843.848881435	1250.0	0.041985482567496096	3.0830720459929325e-08
73	5.646435700389939e-07	2.481360153629407e-07	6263049.938999693	625.0	0.06031681853530149	3.400702708976833e-08
74	5.305860059710086e-07	9.31533307471015e-08	6263548.531772467	1250.0	0.04498475732377924	2.7557244197112125e-08
75	5.067176782682522e-07	2.1570350478470266e-07	6264681.108552163	625.0	0.05429147530998676	2.84787987936839e-08
76	4.792071736579422e-07	8.399980329343943e-08	6265153.1303252075	1250.0	0.04686446455688832	2.4612222260943396e-08
77	4.567493391881784e-07	1.8929387497688847e-07	6266218.305605917	625.0	0.04964771626158956	2.421498344082441e-08
78	4.3407272794577895e-07	7.555074350157692e-08	6266664.801893007	1250.0	0.04797561528288173	2.198646662949875e-08
79	4.13247773769446e-07	1.67369387915797e-07	6267667.957880869	625.0	0.04599153399142235	2.083583681482117e-08
80	3.942418287437149e-07	6.7822071741189e-08	6268090.119197902	1250.0	0.04855847171217433	1.965824281644777e-08
81	3.7509799949643565e-07	1.4885276892696959e-07	6269036.005418768	625.0	0.04305124873463536	1.8099418200148088e-08
82	3.5894951916900173e-07	6.079767878965723e-08	6269435.083296718	1250.0	0.048785966505057184	1.760135252662166e-08
83	3.4143777116384993e-07	1.3297968283142017e-07	6270327.917127987	625.0	0.04063130088693039	1.5844443259402624e-08
84	3.2756466971822777e-07	5.4443982993106004e-08	6270705.178818429	1250.0	0.04878830051821575	1.5788740594812486e-08
85	3.1158329738456427e-07	1.1919861960642685e-07	6271548.735911655	625.0	0.03858448808861107	1.3958931463439541e-08
86	2.995609767735313e-07	4.8718427199349985e-08	6271905.43882866	1250.0	0.048667277736996806	1.4194186289259233e-08
87	2.8498211085045007e-07	1.0710393284035726e-07	6272703.126381243	625.0	0.03679527338472284	1.2362406002628428e-08
88	2.74496079376679e-07	4.3574305909872354e-08	6273040.502034338	1250.0	0.04850471053640212	1.2793099591701975e-08
89	2.611816779984254e-07	9.639150235660327e-08	6273795.414654135	625.0	0.03893424126427495	1.1323127417088273e-08
90	2.5101272859918525e-07	3.6017204770855e-08	6274114.657367897	1250.0	0.03933568189113554	1.1119048985326373e-08
91	2.4113893242069987e-07	8.907780803558204e-08	6274867.851998422	625.0	0.03371557432344769	9.390972297202256e-09
