Iteration	objective_values	shape_gradient_norms_squared	meshquality	alphas	rel_changes	abs_changes
0	0.5206608907069811	19451.889083584305	25136255.12131203	0.1	0.21209456329980073	0.11042934424199452
1	0.41023154646498655	741.7948686693728	18686097.31190234	0.2	0.017673610499857426	0.058839808404494265
2	0.40298127389799254	193.59520014691776	18162213.87884762	0.2	0.008188934277893533	0.040326534658723066
3	0.3996812867308119	122.58067766460486	18233170.05728469	0.2	0.0045584266791414635	0.004124059191588851
4	0.39785936889022	181.49605286779877	18386651.871625446	0.1	0.006393855213127136	0.002555253402549714
5	0.3953155136903434	5.054127237181323	18484037.77319172	0.2	0.00801933997359491	0.0025119808471985583
6	0.3921453441892162	10.362053700785246	18777300.095315747	0.4	0.013142093606915331	0.0036225451739558823
7	0.38699173336835235	107.83162782981132	19346943.185384005	0.2	0.002999111681859302	0.003161470583440684
8	0.38583110194002135	210.02181936218656	19530018.193646487	0.1	0.006317717582679441	0.0029172713952907436
9	0.383393530003344	7.762308292686326	19624532.313290454	0.2	0.007701342961618944	0.002183616142945858
10	0.3804408849395148	15.740619011098794	19932208.45831365	0.4	0.010695808736949216	0.003153113313848673
11	0.37637176199847533	200.86607002650092	20506408.57424224	0.1	0.006172530180460237	0.003114978021627801
12	0.37404859593846057	10.197358687532269	20606373.689551786	0.2	0.007565408463604884	0.003074039804858042
13	0.37121876552494065	18.173730208951795	20926493.363948848	0.4	0.009222143405137032	0.0028588097212976136
14	0.3677953328345825	269.4313439272484	21512908.65158521	0.1	0.0066810442583082885	0.0029035066668506118
15	0.36533807593790874	14.360347922216064	21593934.8325904	0.2	0.007297990626550995	0.002848974480252083
16	0.3626718420841844	30.643542474854247	21923027.299200978	0.4	0.0044086460179682254	0.0022407941742787116
17	0.36107295031174635	456.15366485843225	22464732.93753682	0.1	0.008368503589828383	0.002428921969014841
18	0.3580513100308642	27.77602357855086	22480154.519393273	0.2	0.006566710180356342	0.002323917078665453
19	0.35570009084818804	59.31118899289109	22803113.32942618	0.2	0.004799088763917544	0.0023599652576256993
20	0.35399305453886926	134.17885025861514	23082909.837709475	0.1	0.0052227589569736775	0.001969025296099843
21	0.3521442341425647	9.474863960638444	23218070.837140523	0.2	0.007524964578529247	0.0020685765313623317
22	0.34949436125410105	20.983035854736887	23579077.864406124	0.4	0.007890662319847004	0.0024188117573742765
23	0.3467366192667464	327.8593054443954	24218552.613267526	0.1	0.006830338529422306	0.002591981121988126
24	0.3443682907766003	25.392518859484127	24281778.57388781	0.2	0.0065995502141598765	0.0024662487682173087
25	0.3420956149494491	59.013382964528816	24633335.829715837	0.2	0.004602213014121385	0.0020718004028320394
26	0.3405212180582503	144.07042347515605	24933678.328266926	0.1	0.005178773488941946	0.0018701849916191542
27	0.33875773580174284	12.51172814842689	25074108.46232591	0.2	0.00731183851724572	0.0019382736694545748
28	0.3362807939410854	30.133953390949102	25458472.09402502	0.4	0.0037163540027184967	0.0018300541972563107
29	0.3350310554664814	509.2036082940772	26080530.335475616	0.1	0.007933163581499059	0.002128178834389094
30	0.33237319929857556	46.738587819883755	26065559.663689908	0.2	0.005218122759229248	0.0018806529327775972
31	0.3306388351427526	118.35243514164897	26403812.021520134	0.2	0.0007747775090025131	0.001549463952266979
